2
59
0
6
57
62
33
50
93
15
11
33
60
47
15
54
58
12
76
80
94
61
95
41
35
35
71
30
54
36
62
17
83
88
62
91
59
70
34
90
43
59
69
14
20
38
13
80
24
26
70
27
94
41
78
9
67
93
40
75
11
19
65
69
28
1
95
29
5
32
79
54
35
26
87
96
5
1
55
59
41
58
76
66
84
54
30
51
91
55
80
73
93
14
16
61
68
89
72
57
40
96
23
70
35
94
73
66
60
38
26
32
83
79
52
72
57
90
72
75
33
86
82
39
6
99
57
55
93
40
76
51
7
90
48
79
9
42
92
78
60
46
94
26
40
42
46
71
20
10
92
33
19
5
78
70
90
40
8
49
78
83
84
26
51
21
48
80
91
67
30
29
6
66
55
45
34
14
12
56
34
22
25
37
87
1
93
46
42
30
67
6
11
77
67
47
84
59
80
37
95
68
50
83
77
96
77
17
10
87
16
74
66
50
36
16
55
44
78
38
74
73
80
66
32
43
93
14
49
34
19
42
96
50
17
91
2
25
83
10
25
26
93
35
61
50
53
85
70
85
33
91
25
77
44
38
1
24
50
58
38
40
91
99
9
4
1
6
92
65
74
16
61
34
79
79
34
30
44
47
19
85
50
5
31
30
15
60
98
24
74
12
24
99
90
96
88
19
33
68
24
72
54
44
8
4
91
40
66
90
65
4
76
87
26
28
33
8
61
54
99
84
26
40
87
80
1
10
68
89
33
56
89
42
38
29
49
99
28
68
44
89
19
51
48
8
76
23
87
51
22
87
20
99
93
57
46
75
40
44
80
85
10
67
68
14
24
62
59
4
58
11
37
81
64
17
10
95
52
90
20
14
93
22
6
98
0
80
10
28
39
1
66
4
98
84
96
2
82
85
88
21
62
95
61
12
29
24
4
28
6
47
45
7
91
6
19
28
57
37
10
39
29
91
97
32
16
88
94
64
9
38
83
37
11
22
2
44
5
58
53
48
71
20
57
85
0
8
32
18
58
63
63
40
95
70
61
97
21
87
22
14
64
31
35
5
57
56
67
51
27
17
97
82
30
61
45
47
51
61
81
50
39
39
16
27
77
8
54
14
91
65
35
18
61
37
54
87
56
39
34
74
10
35
68
90
47
64
92
34
78
70
6
63
42
25
58
47
55
66
24
51
29
13
93
33
38
45
27
47
53
24
88
61
27
11
50
69
7
91
23
70
15
45
48
42
57
80
40
86
76
61
78
61
67
40
53
35
88
62
18
32
87
22
56
60
2
38
47
11
89
22
69
15
11
72
53
14
91
41
39
34
21
12
50
91
53
33
51
73
67
8
74
42
86
83
34
99
87
66
43
71
65
6
47
9
46
98
74
24
84
76
34
33
46
87
71
13
36
29
2
32
15
11
37
14
66
52
55
18
53
20
2
17
43
31
25
76
99
4
24
6
45
96
38
49
75
6
93
80
79
24
71
23
99
59
34
43
60
81
95
37
17
73
24
57
60
49
1
20
35
4
33
99
45
46
79
91
28
5
40
51
91
85
33
53
68
36
69
38
11
69
29
79
39
88
81
0
27
23
22
33
86
67
3
96
64
5
40
47
28
8
41
39
10
17
29
2
94
63
86
89
4
53
22
26
91
37
69
78
40
22
50
38
44
18
68
44
99
14
49
65
60
68
42
43
66
20
86
25
13
47
97
35
49
60
21
92
61
96
32
50
84
46
74
57
13
20
58
28
96
61
43
61
52
36
16
80
2
54
49
52
41
60
18
94
56
0
79
98
20
97
58
8
86
86
41
48
4
81
55
55
17
90
50
55
4
88
87
13
15
50
81
61
17
74
25
78
16
82
83
49
25
69
91
64
90
35
51
29
67
89
21
17
86
76
65
47
4
8
99
90
8
60
55
57
6
9
74
91
14
73
62
99
92
30
19
59
56
68
45
18
83
72
94
67
81
32
4
64
31
76
64
60
13
90
30
89
16
5
85
6
57
75
52
57
41
22
79
17
97
19
35
0
15
91
24
4
8
1
29
12
38
24
47
2
26
30
71
75
58
3
30
59
85
89
28
55
27
52
33
41
36
41
96
35
14
4
86
89
98
8
61
77
85
89
70
96
64
84
46
20
42
33
62
84
86
54
18
33
80
8
62
35
49
65
49
15
79
65
95
61
52
97
75
88
52
37
78
47
74
18
62
68
18
93
63
80
57
83
23
98
86
98
43
8
25
65
41
72
35
93
49
84
17
52
64
46
94
38
